% backup iterate points for which the rfactor is less than 1.6 
function iterate = ca_it;
iterate(1).x=[-1.806700  -1.794100  -1.775700  -0.100000  -0.100000  -0.046100  0.069000  0.587400  1.711200  1.735000  1.737800  1.746700  1.775100  1.789700  3.004700  3.114100  0.000000  6.225000  6.225000  1.255200  3.673800  3.709300  5.039800  0.000000  5.035500  5.040200  2.544500  2.437100  3.004700  0.000000  0.000000  3.937900  1.291300  1.255200  1.212500  3.709300  0.000000  0.000000  5.035500  2.470300  0.000000  2.437100  ]';
iterate(1).p={1  1  1  1  1  1  1  2  2  2  2  2  2  2  };
iterate(1).x=[-1.806700  -1.794100  -1.775700  -0.100000  -0.100000  -0.046100  0.069000  0.587400  1.711200  1.735000  1.737800  1.746700  1.775100  1.789700  3.004700  3.114100  0.000000  6.225000  6.225000  1.255200  3.673800  3.709300  5.039800  0.000000  5.035500  5.040200  2.544500  2.437100  3.004700  0.000000  0.000000  3.937900  1.291300  1.255200  1.212500  3.709300  0.000000  0.000000  5.035500  2.470300  0.000000  2.437100  ]';
iterate(1).p={1  1  1  1  1  1  1  2  2  2  2  2  2  2  };
iterate(1).x=[-1.806700  -1.794100  -1.775700  -0.100000  -0.100000  -0.046100  0.069000  0.587400  1.711200  1.735000  1.737800  1.746700  1.775100  1.789700  3.004700  3.114100  0.000000  6.225000  6.225000  1.255200  3.673800  3.709300  5.039800  0.000000  5.035500  5.040200  2.544500  2.437100  3.004700  0.000000  0.000000  3.937900  1.291300  1.255200  1.212500  3.709300  0.000000  0.000000  5.035500  2.470300  0.000000  2.437100  ]';
iterate(1).p={1  1  1  1  1  1  1  2  2  2  2  2  2  2  };
iterate(1).x=[-1.806700  -1.794100  -1.775700  -0.100000  -0.100000  -0.046100  0.069000  0.587400  1.711200  1.735000  1.737800  1.746700  1.775100  1.789700  3.004700  3.114100  0.000000  6.225000  6.225000  1.255200  3.673800  3.709300  5.039800  0.000000  5.035500  5.040200  2.544500  2.437100  3.004700  0.000000  0.000000  3.937900  1.291300  1.255200  1.212500  3.709300  0.000000  0.000000  5.035500  2.470300  0.000000  2.437100  ]';
iterate(1).p={1  1  1  1  1  1  1  2  2  2  2  2  2  2  };
iterate(1).x=[-1.806700  -1.794100  -1.775700  -0.100000  -0.100000  -0.046100  0.069000  0.587400  1.711200  1.735000  1.737800  1.746700  1.775100  1.789700  3.004700  3.114100  0.000000  6.225000  6.225000  1.255200  3.673800  3.709300  5.039800  0.000000  5.035500  5.040200  2.544500  2.437100  3.004700  0.000000  0.000000  3.937900  1.291300  1.255200  1.212500  3.709300  0.000000  0.000000  5.035500  2.470300  0.000000  2.437100  ]';
iterate(1).p={1  1  1  1  1  1  1  2  2  2  2  2  2  2  };
iterate(1).x=[-1.806700  -1.794100  -1.775700  -0.100000  -0.100000  -0.046100  0.069000  0.587400  1.711200  1.735000  1.737800  1.746700  1.775100  1.789700  3.004700  3.114100  0.000000  6.225000  6.225000  1.255200  3.673800  3.709300  5.039800  0.000000  5.035500  5.040200  2.544500  2.437100  3.004700  0.000000  0.000000  3.937900  1.291300  1.255200  1.212500  3.709300  0.000000  0.000000  5.035500  2.470300  0.000000  2.437100  ]';
iterate(1).p={1  1  1  1  1  1  1  2  2  2  2  2  2  2  };
iterate(1).x=[-1.806700  -1.794100  -1.775700  -0.100000  -0.100000  -0.046100  0.069000  0.587400  1.711200  1.735000  1.737800  1.746700  1.775100  1.789700  3.004700  3.114100  0.000000  6.225000  6.225000  1.255200  3.673800  3.709300  5.039800  0.000000  5.035500  5.040200  2.544500  2.437100  3.004700  0.000000  0.000000  3.937900  1.291300  1.255200  1.212500  3.709300  0.000000  0.000000  5.035500  2.470300  0.000000  2.437100  ]';
iterate(1).p={1  1  1  1  1  1  1  2  2  2  2  2  2  2  };
iterate(1).x=[-1.806700  -1.794100  -1.775700  -0.100000  -0.100000  -0.046100  0.069000  0.587400  1.711200  1.735000  1.737800  1.746700  1.775100  1.789700  3.004700  3.114100  0.000000  6.225000  6.225000  1.255200  3.673800  3.709300  5.039800  0.000000  5.035500  5.040200  2.544500  2.437100  3.004700  0.000000  0.000000  3.937900  1.291300  1.255200  1.212500  3.709300  0.000000  0.000000  5.035500  2.470300  0.000000  2.437100  ]';
iterate(1).p={1  1  1  1  1  1  1  2  2  2  2  2  2  2  };
iterate(1).x=[-1.806700  -1.794100  -1.775700  -0.100000  -0.100000  -0.046100  0.069000  0.587400  1.711200  1.735000  1.737800  1.746700  1.775100  1.789700  3.004700  3.114100  0.000000  6.225000  6.225000  1.255200  3.673800  3.709300  5.039800  0.000000  5.035500  5.040200  2.544500  2.437100  3.004700  0.000000  0.000000  3.937900  1.291300  1.255200  1.212500  3.709300  0.000000  0.000000  5.035500  2.470300  0.000000  2.437100  ]';
iterate(1).p={1  1  1  1  1  1  1  2  2  2  2  2  2  2  };
