% set initial points for tleed_nomadm problem
function iterate=tleed_nomadm_x0

% AGL 08/21/06 - Iterate for which rfactor = 0.2697

%iterate(1).x=[ -1.8757 -1.7941 -1.8067 -0.3861 0.2472 -0.0461 0.0690 0.1874 1.7112 1.7350 1.7378 1.7467 1.7751 1.7897 0 3.1141 3.0047 6.2250 -4.0621 1.2552 3.6738 -4.2907 5.0398 0 5.0355 2.4703 2.5445 2.4371 0 0 -3.0047 1.2913 6.2250 1.2552 1.2125 3.7093 0 0 5.0355 5.0402 0 2.4371]';
%iterate(1).p={1 1 1 1 1 2 2 2 2 2 2 2 2 2};%best known solution!

iterate(1).x=[ -1.4946   -1.5251   -1.4125   -0.1468    0.0835    0.1310    0.4037    0.3949    1.7201    1.8854    2.0972    1.9183    1.8549 1.9109    0.2153    3.3688    3.3242    6.3477    6.2388    1.5413    3.9813    3.7331    5.2906    0.1061    5.1604    5.2493 2.7080    2.7943    0.2295    3.2319    0.1578    1.5679    4.1656    1.3925    1.4505    3.8189    0.0192    0.3352    5.0765 2.7616    0.1762    2.8360]';
iterate(1).p={  1  1  1  1  1 2  2  2  2   2  2  2  2  2 };
