function x0 = tleed_x0

%
% JCM: New initial guess function for bfo and nomad 
%      copy and revised version of one provided by ZZ on 8/15/06
%      These should be the ones used in Figure 5 of the GPS/TLEED paper.

    x0(1).x=[ -1.4946   -1.5251   -1.4125   -0.1468    0.0835    0.1310    0.4037    0.3949    1.7201    1.8854    2.0972    1.9183    1.8549 1.9109    0.2153    3.3688    3.3242    6.3477    6.2388    1.5413    3.9813    3.7331    5.2906    0.1061    5.1604    5.2493 2.7080    2.7943    0.2295    3.2319    0.1578    1.5679    4.1656    1.3925    1.4505    3.8189    0.0192    0.3352    5.0765 2.7616    0.1762    2.8360]';
    x0(1).p={  1  1  1  1  1 2  2  2  2   2  2  2  2  2 };

    x0(2).x=[   -1.9813472928   -1.6651858514   -1.8746090404   -0.3332256989   -0.2308679327   -0.1382901624   -0.1480674494    0.1814812175    1.6101366294    1.7964463049    1.7885740785    1.9159429870    1.8342282587    1.7253404797    0.0380337252    2.9037884476    3.1121489330    6.2201779211    6.2250043192    1.2234140549    3.7833003739    3.5219009742    5.0826183273    0.0895638471    5.1085957338    5.0979857346    2.5485314032    2.5048089188    0.0568900205    2.9791354584   -0.0377468956    1.2617112890    3.7903865494    1.2317995952    1.2243444837    3.7407809043    0.1443508244   -0.0350974738    5.0978233851    2.5502048618    0.0940889941    2.3378908264]';
    x0(2).p={  1  1  2  2  1  1  1  2  1  1  2  2  1  2};

    x0(3).x=[   -1.8544964848   -1.7829117927   -1.8948763392   -0.4603044752   -0.1445705047   -0.0592499703    0.1079880490    0.1961987107    1.6476534775    1.6790426698    1.7821653490    1.6517096201    1.8532181618    1.8465960646   -0.0821714292    2.9781393149    2.9953222984    6.0047679283    6.3236337391    1.2033364934    3.7065367564    3.7327057013    5.0419466139   -0.1003944467    4.9407853935    5.0027570805    2.4259113786    2.3315097076    0.1472479934    3.0102743832   -0.1217317454    1.2871772866    3.8250656136    1.1202722457    1.1863898377    3.8046465446    0.0128644430    0.0656467514    4.9187180635    2.4242394820   -0.0262439953    2.3157847932]';
    x0(3).p={  1  1  2  1  2  2  2  2  2  2  1  1  1  2};
    
    x0(4).x=[   -2.0076436998   -1.7135782485   -1.7929755104   -0.4506145816   -0.1722271207   -0.0229373989   -0.0299759672    0.3213585701    1.7401502035    1.8828917058    1.8516028013    1.6782861415    1.6459063955    1.7824073724   -0.0330598880    2.9203372361    3.1638769664    6.3738490471    6.1703524105    1.1705241836    3.6491663472    3.7756024146    4.9543802626   -0.1201314815    5.0235130572    5.0336705985    2.5930295556    2.3775509097   -0.0149667744    2.9612248069   -0.0079330223    1.4448152266    3.8772517141    1.1204637326    1.2594383120    3.6189433057    0.0035879639   -0.0627531220    5.0890397954    2.5255883517   -0.0203690480    2.2316675319]';
    x0(4).p={  2  2  2  1  1  1  2  1  1  2  2  1  1  2};
    
    x0(5).x=[   -1.8624439269   -1.6474059296   -1.6922588211   -0.5441402499   -0.2606661919   -0.1142656860   -0.0334553057    0.0639646522    1.7400807019    1.6920696995    1.7433801190    1.7099126433    1.7286026633    1.8267960584    0.0728282932    3.2159160170    2.9783702257    6.1227389856    6.3287834199    1.2162200452    3.5356734376    3.7408542633    5.1951242569    0.0707893885    5.2312384755    5.0906542354    2.7309529020    2.4031188223   -0.1139779402    2.9835876517    0.1190244936    1.1796791242    4.0014274135    1.1950587874    1.2676184712    3.5993159545    0.0085990593   -0.2004563322    4.9861912082    2.5165048012   -0.0321004692    2.5607555652]';
    x0(5).p={  1  1  2  2  2  2  1  1  2  1  2  2  2  2};

    x0(6).x=[   -1.9388279657   -2.0392211129   -1.9172636533   -0.2805351612   -0.2641223989   -0.0081776377    0.1634199727   -0.0246426688    1.6467321084    1.6645698272    1.6359862784    1.7284918132    1.9272013239    1.7858561236    0.1227447989    2.9350795200    3.1148524487    6.1467106956    6.2836938559    1.2300792625    3.7218135823    3.7761155034    5.0319678804    0.0889172618    5.2664287486    5.0926638680    2.5433212676    2.5284140818    0.0055940679    2.8939930105    0.0485497707    1.2907994926    3.9102782141    1.3828452474    1.3988400613    3.6570440698    0.0103424447   -0.0807649131    5.1035438584    2.2338410152    0.0990114872    2.4589899121]';
    x0(6).p={  1  2  1  1  2  2  2  1  1  2  1  1  2  1};
    
    x0(7).x=[   -1.8495337540   -1.6853555505   -1.8215666986   -0.3994134451   -0.3798500204   -0.2124606453   -0.0013554262    0.2154880489    1.6570790670    1.6016469270    1.8450686268    1.6754914548    1.7739714439    1.7896182971   -0.0249436285    3.0443575319    3.0876986645    6.0585989123    6.1221024900    1.2795094700    3.5481409892    3.6745816810    4.9456627807   -0.1174560281    4.9333858313    5.0000333265    2.5618665669    2.4254881507    0.1064119149    2.9801613703   -0.1517539131    1.2922734159    3.9450372865    1.2868535814    1.2624825668    3.8371084147   -0.0547816147    0.0260808399    5.0341823328    2.4122735998    0.2136308423    2.4113382884]';
    x0(7).p={  2  2  2  2  1  2  2  1  2  2  1  1  2  1};
    
    x0(8).x=[   -2.0166528489   -1.6296899107   -1.7615454015   -0.4980039575   -0.1907649861    0.0808781847   -0.0206042506    0.2009175445    1.6972959990    1.6186604706    1.8561719540    1.7451570338    1.8287218695    1.7180571376   -0.0655559390    3.0361362763    3.1247814076    6.4098216218    6.1974894325    1.4764554079    3.8246525756    3.5147921400    4.8717457222   -0.0573534134    5.0169183473    5.0410934116    2.6281949891    2.3648729328   -0.0721490477    2.9845819000   -0.0020464161    1.3191890000    4.0437294814    1.3173673282    1.0374384712    3.7790347551    0.0811485863    0.0636344948    5.1665080341    2.5030097516   -0.0672993164    2.4221672501]';
    x0(8).p={  2  1  1  1  2  1  2  1  2  1  2  1  2  2};
    
    x0(9).x=[   -2.1206017754   -1.7593714388   -1.7824054343   -0.4452103839   -0.3182707675   -0.1541661851    0.0642269135    0.2253344537    1.6781638954    1.6850101749    1.7342021392    1.7292239669    1.6793734921    1.9189547900    0.0440909643    3.1327940943    3.0643270195    6.1131283362    6.3057649619    1.2593199579    3.5981791394    3.7003870852    4.8389149678    0.1083918038    4.9373809437    4.9713511363    2.6784479482    2.3461756840   -0.0412857729    2.9540836814    0.1619747799    1.2993900711    3.8297943510    1.1427482188    1.3860676343    3.9030458597    0.1635068219   -0.1255940167    5.0141462494    2.4504067952    0.0307499177    2.3798674544]';
    x0(9).p={  1  1  1  1  1  2  1  1  2  2  2  1  2  1};
    
    x0(10).x=[   -1.9734648367   -1.8513809407   -1.6858908099   -0.1488352051   -0.2298711664   -0.0727623136    0.1391672177    0.1386409509    1.8974479725    1.8456851110    1.6150434278    1.6797114890    1.9091929452    1.8285083316    0.0393058929    2.8339666422    3.1368858645    6.2935632858    6.1613209887    1.1549394446    3.6552379327    3.6038967286    5.0326460511    0.0279198420    5.1728275342    5.0581841032    2.4902983443    2.6005190581    0.0825215152    3.0277761142    0.0671633946    1.2404922120    4.0235351597    1.2820503454    1.2749975176    3.6045662062    0.1535670381    0.0434425738    4.8437864147    2.5172939524    0.1274351133    2.5009542451]';
    x0(10).p={  2  2  2  1  2  1  2  1  1  1  1  2  2  2};
